250
-22 61
23 38
-51 92
-73 84
-55 -90
-39 93
50 23
-76 34
-34 0
-94 -77
-95 46
81 -32
-87 -22
17 86
-67 12
47 -90
30 89
92 -98
8 -74
10 -60
-97 14
-76 -5
-48 -1
93 13
-92 -38
-50 100
-70 90
37 -100
-82 78
-36 -36
-95 -74
-33 -67
-58 31
-78 -56
-14 -95
-11 99
-49 29
4 -9
29 35
-59 -65
68 -60
-59 57
-74 85
-64 -17
-35 28
66 0
-23 -96
45 23
-26 57
-32 -68
-99 -98
9 89
69 -30
-93 -94
-7 -69
39 33
90 -57
-1 -7
51 -97
-68 -92
-100 -4
-8 -86
92 30
-25 86
-43 25
15 83
57 -22
30 -30
1 -55
71 -19
35 72
-14 86
-4 74
-35 -58
-61 10
-14 -84
-27 36
-63 91
85 -15
52 -30
94 83
-52 67
13 -15
30 -36
69 -53
39 -76
10 31
-16 13
-34 -69
-13 -5
83 46
92 -5
-31 90
16 -55
42 54
-7 72
-53 74
-8 -17
4 -23
5 17
-48 77
91 69
44 -15
64 86
-48 7
-53 76
58 68
59 63
68 4
53 -58
-80 -94
-64 -74
61 -60
75 -16
-69 -2
-19 35
-87 -84
9 4
-65 -91
69 -92
82 89
32 -45
96 -88
-86 -3
7 -95
-10 -13
-54 1
35 18
-64 -81
49 60
-36 85
-11 53
-29 -48
-95 -42
-58 -44
71 36
35 53
-49 52
99 17
97 10
92 24
-92 34
27 1
67 -29
45 -73
89 48
-55 74
78 58
-88 -50
-4 4
-3 86
-53 -37
78 75
-61 21
44 6
81 55
-2 86
-25 74
-81 -40
28 -53
37 -11
80 37
-18 -12
-67 -15
-91 -11
35 63
-98 46
9 -65
34 21
-51 -36
-23 -91
-60 44
-29 -100
-91 -57
65 -80
-73 70
-79 21
37 -60
48 47
34 -95
77 21
77 91
-77 -22
-31 -65
100 53
43 28
1 -62
-21 14
31 -17
-79 -64
-39 -82
0 -7
80 28
81 -73
-8 58
-96 34
-73 -88
-89 86
-2 16
-24 86
47 23
12 9
-97 -100
-84 -47
-55 -68
-37 -35
-16 -4
93 -92
59 -86
55 15
-72 41
64 -66
-84 5
38 -94
-61 97
-17 71
2 81
-46 -68
-73 6
96 -1
78 41
89 10
-31 -25
73 -26
-19 70
-63 57
35 -20
60 -89
83 -52
69 34
17 -57
-29 97
75 67
-100 81
-1 51
70 28
-51 -92
80 75
32 76
30 64
-71 -19
0 -47
-29 84
71 13
37 74
-45 12
-26 72
-61 -74
-74 -83
-9 -25
