250
-3 20
1 22
-22 -19
-21 -8
-6 3
-11 2
-11 -10
-4 3
14 -8
-5 -24
1 17
-10 11
21 14
-1 -20
11 14
8 -15
17 -22
-8 -8
-11 8
-10 -8
22 22
12 24
18 -6
-6 -17
-4 7
-22 8
-4 -25
-22 1
-8 -22
18 3
12 12
-23 24
20 -8
19 17
4 -11
10 -13
5 -22
21 8
15 9
-16 -18
-13 15
17 -12
-23 -6
6 -21
-18 7
-2 8
1 -5
2 -10
19 18
23 -4
-24 -3
-4 -24
13 20
-6 0
2 21
-4 -13
4 19
-4 -2
7 5
-12 -5
21 17
0 -14
11 2
19 -9
-14 23
-23 8
-2 6
-12 -8
11 -6
-9 -13
23 6
12 23
-5 -13
13 7
-4 20
-10 8
-6 -13
6 -15
4 -12
-9 11
-22 21
14 0
-9 0
-21 13
-24 -4
1 -11
17 5
-9 14
-18 3
2 16
0 18
16 15
-11 -9
-19 14
-15 7
17 -18
-10 -16
-22 -3
-6 4
-14 12
5 5
2 -14
14 16
-7 6
16 19
2 20
14 -2
-4 -19
-19 0
23 -1
-4 -21
-16 -20
23 24
7 13
-20 -12
-5 3
7 -13
7 20
17 1
8 7
10 3
-14 20
14 -5
-2 -12
12 1
4 -22
18 -5
18 -1
-4 -6
9 -6
-14 5
-16 -17
-12 13
0 20
11 -10
-16 -4
-21 10
-8 -20
24 1
-13 -18
-10 18
-5 10
-12 17
-3 16
-15 13
3 12
-5 -22
3 7
-23 10
-25 -3
18 14
-19 10
-24 -24
-12 -11
-21 -13
-18 5
-13 -8
15 -13
7 -25
-9 21
-7 1
12 -16
-13 -7
9 -8
23 23
8 -14
-21 -23
-5 2
-15 -1
7 -6
-14 8
-18 21
2 11
-17 18
12 6
-24 16
-17 -12
-15 14
13 12
12 5
-16 -24
-21 11
-6 -21
8 -23
6 -7
2 -9
21 16
14 13
15 19
19 12
23 -21
-22 13
-7 -2
14 -12
-13 6
-19 16
7 -19
-25 18
-2 -15
-12 3
11 12
14 8
11 4
-16 -7
-24 -11
18 1
4 21
5 14
-5 19
5 19
8 0
-25 21
-13 23
-10 12
-14 10
1 4
-18 -2
9 19
20 6
-11 -24
6 -24
-3 -2
-5 -5
-9 6
16 21
-13 -14
23 15
-6 14
-8 21
7 -21
3 14
-17 -8
-18 10
-25 8
20 2
-15 -4
17 0
-9 -11
3 -1
21 -16
14 14
21 2
24 -4
-9 5
16 3
-6 -1
-10 22
11 -4
13 23
-23 14
