250
-86 -17
71 -81
-59 -32
-20 -31
78 17
-20 -67
-83 6
19 97
-52 91
0 96
97 -90
71 71
92 67
-11 -88
86 -4
40 -98
-67 -47
-59 -36
-91 -6
-58 -71
50 -61
50 85
-42 -21
-99 50
-22 44
58 -40
40 -93
34 64
74 80
47 -81
63 68
-12 43
55 43
-46 32
21 -46
-34 63
34 57
94 55
70 -86
33 97
-17 89
30 -89
25 -80
98 91
-63 48
76 -52
-11 0
-72 28
-2 57
73 -11
32 -47
-86 -69
96 -100
65 -55
-72 -91
50 -96
-61 40
19 0
14 26
2 69
-92 19
59 -18
68 -22
75 -50
0 24
-63 91
-91 24
20 -16
29 36
-11 36
42 16
-59 14
-63 -40
-9 93
-15 24
68 -4
-58 95
59 5
-96 -74
14 20
13 32
34 -4
38 -47
86 -37
-52 98
-48 -4
-86 29
80 76
-9 -49
-30 36
-59 77
-14 -42
-88 13
-8 -9
-82 -95
-97 -73
-91 13
-61 -49
37 65
75 -80
74 -61
-79 -89
-99 88
7 28
45 -29
68 70
94 80
6 -47
2 -32
58 -93
-31 -75
53 51
91 -67
85 -6
-82 37
-64 -18
-38 69
-88 34
-54 73
23 -93
-57 9
53 44
86 79
-56 52
-83 -24
-78 -84
-87 -55
-35 72
62 8
-28 -42
-65 74
-28 -22
75 43
38 25
25 9
1 36
54 96
-43 -21
-38 59
3 35
85 -79
-89 -29
39 56
92 -30
52 97
-16 83
-48 -64
57 30
-2 53
55 -61
-67 66
-8 28
76 -80
97 -97
0 -56
-59 -29
48 -84
25 22
50 97
58 3
-40 -21
50 -73
35 -48
37 -67
-2 27
89 -47
2 10
14 6
46 37
97 16
83 18
77 -79
-67 10
67 57
68 -59
20 -32
6 70
-64 96
-77 55
7 -26
-27 -87
-84 -69
10 -23
-11 -83
51 -5
-44 89
-74 42
-54 -64
-20 71
33 67
78 33
47 86
-94 -38
-82 22
-92 -59
63 93
-50 47
68 -2
-28 39
55 70
25 -17
-86 -79
-59 -21
-40 15
-37 -59
100 -9
30 27
7 95
-85 56
-52 49
-67 -96
51 64
-27 46
12 96
6 -11
-25 -89
-49 2
-86 20
-32 80
-64 45
-33 -63
54 48
27 -31
-79 63
-61 -46
-25 45
-84 -56
-42 -99
-52 -66
35 -83
-11 -85
29 -50
85 45
-73 34
-2 85
11 -32
-75 -18
85 4
-69 -14
-70 -80
-33 50
-21 36
-46 -69
83 62
60 -71
42 93
-11 3
26 -72
-62 97
-66 -44
