250
69 15
-71 71
62 -44
-22 -91
-80 11
63 16
67 -33
21 -91
-75 70
-47 88
61 -2
39 -76
1 52
-74 60
83 -33
-88 54
73 91
-59 -29
-90 -9
-9 -39
41 11
-51 51
-41 42
-87 -16
71 32
3 -6
-40 93
43 -100
54 -68
-26 44
49 91
26 -13
88 78
3 -2
-5 75
-32 -54
75 -31
-59 68
19 -94
-46 80
-50 2
4 -8
-35 -93
-25 -9
46 -43
-75 92
94 -35
-22 -62
37 -63
-30 -95
4 -88
-26 21
93 -7
45 2
-46 -18
24 -84
-58 -10
35 -21
-46 -51
73 41
-6 3
-95 -15
13 -85
-70 4
-49 -45
-41 -80
8 3
22 -91
69 -77
97 81
76 -88
-67 -10
-78 -62
31 -93
5 -60
-85 60
24 66
74 -18
12 -99
-41 63
-50 -80
-82 -68
85 95
59 -87
66 -93
-4 -17
66 -39
53 -33
49 -88
-34 3
-14 30
31 28
-57 61
41 -5
87 97
-97 -29
32 -43
50 100
98 -70
-22 91
48 30
65 68
28 8
82 72
-23 85
57 -36
-42 -32
80 86
61 15
20 87
-57 -65
-89 -100
-18 60
-90 82
24 74
64 67
86 -48
35 -44
76 -100
69 -46
-30 -44
-16 -57
78 -42
-23 82
51 96
-13 83
0 -58
-20 -93
11 -93
-25 -63
-24 67
59 -58
76 -74
-30 -76
31 36
-42 -68
7 10
-93 -54
-20 -74
-23 -72
-76 -37
-31 -89
-58 -54
-64 54
56 6
-67 -93
-36 36
80 79
99 -52
-96 45
74 2
-14 -47
-83 32
-18 -2
82 46
60 -51
85 17
-69 24
-25 66
-38 -74
93 0
37 14
56 -75
55 23
60 58
-100 76
98 -93
-11 69
96 -16
35 -61
33 -57
-98 48
-50 -87
35 86
55 -10
-61 40
-66 -12
-88 -91
68 39
14 43
-87 -62
12 -5
-84 27
96 51
-20 -86
-98 14
10 3
76 49
-3 -13
33 -30
75 -22
39 24
43 -55
-10 55
-47 51
82 -81
51 -35
98 -6
-91 9
-85 -8
47 -78
12 -97
-56 -7
50 94
-54 35
81 -4
80 66
-75 36
-84 -84
100 -72
20 13
69 -37
-91 -32
4 82
-13 60
-27 94
22 -5
-20 -100
-86 38
-12 53
-44 -68
-85 76
51 40
-35 -71
-100 10
47 35
-91 -69
85 -7
-19 51
-37 98
-1 -39
70 91
79 -27
22 -85
-65 36
-53 -94
29 10
76 -48
-79 67
8 -99
-12 12
45 96
15 -12
-63 -48
-21 -11
17 89
-46 66
-91 27
19 -33
-57 72
