250
5 9
4 8
-7 -7
-4 -5
-5 -7
6 -7
4 -6
-7 0
7 2
-8 -3
-2 3
9 6
-10 -5
-9 4
6 6
-10 -6
3 -10
2 3
2 5
0 1
6 8
-4 3
0 -7
-6 8
1 -6
-5 4
3 0
-6 2
-6 3
0 -1
-4 -8
1 -10
6 -5
4 4
-7 -5
-10 -10
1 -7
-2 1
9 -7
5 -2
-5 -3
3 4
-3 1
-1 9
3 7
-4 -2
-8 9
7 -1
8 -2
4 -2
6 -9
8 -10
-3 -4
5 6
-9 0
-9 3
6 3
8 -1
5 3
-5 -10
-2 -9
-2 -8
5 -4
2 2
-9 -5
1 0
9 4
-1 -1
1 -1
9 3
6 9
-3 4
-7 4
7 9
-7 8
0 -4
-10 2
8 7
-2 0
4 3
-10 -1
7 -8
-7 3
-9 -1
2 -10
-3 7
7 -6
6 -8
0 -8
7 4
5 -9
-9 9
-7 -8
-8 4
-7 -10
9 2
9 -8
8 6
-3 0
1 -2
6 1
0 5
-6 -9
-2 -10
3 -1
2 -8
-4 8
-5 -1
7 -3
-7 9
-8 3
8 5
2 -6
2 -3
-6 -3
1 2
8 -6
3 -2
-6 -6
-10 4
2 6
5 7
-7 6
8 3
0 9
-5 8
3 3
-7 -2
-3 -6
-10 -8
-9 7
-9 8
-7 -4
9 -5
2 -9
-6 0
7 8
0 -3
7 5
-3 6
-8 7
-5 3
6 7
-4 4
0 2
0 -6
-10 6
3 -6
-1 -4
-4 -9
-9 -2
8 9
-5 9
9 1
2 8
-2 -3
-5 2
-8 -5
-9 5
4 -3
0 0
1 -5
-3 2
-1 2
-6 -2
-3 -7
2 0
0 4
4 6
3 -4
-1 5
-6 7
-6 9
-1 -2
-6 6
-6 1
0 6
8 -4
-4 -4
1 8
-8 -1
-4 -3
-4 5
-1 -8
-5 0
-5 -5
9 9
-10 8
-3 -10
-10 1
-5 5
-7 5
-7 -3
-9 -3
-6 -10
-6 -7
-8 -6
-9 -6
5 1
4 1
-8 -7
9 -10
-1 0
-4 -7
9 -1
1 9
-7 -6
-10 9
8 0
-9 -4
9 -4
-2 -5
3 -3
-8 -4
1 -3
-9 1
-9 -10
-4 0
-10 -9
-4 6
7 -9
-1 -9
4 -5
3 9
-8 6
-3 5
5 8
6 -3
-8 0
-10 -4
0 -2
8 4
-2 9
0 3
7 -2
7 1
8 -9
7 0
1 4
0 -10
0 -5
3 5
5 2
9 -6
-2 -1
4 7
4 -9
1 1
-10 3
-5 1
