100
80 4
-84 -50
83 -26
-21 22
-43 -30
-2 75
-6 4
74 53
59 88
-80 49
-45 -90
46 -38
-29 -68
-32 -26
65 95
-52 6
12 33
72 -6
91 -52
-31 78
98 -51
80 32
-12 77
70 25
-99 82
74 -53
-11 28
-96 78
92 84
-9 -47
75 67
21 -94
43 15
67 -19
25 43
-99 -16
2 -90
24 24
34 -72
-64 23
-22 90
76 55
-82 26
-4 78
45 84
52 -87
78 66
-44 -76
-24 60
-69 -21
37 -53
48 -91
91 -76
-43 23
-26 -14
-91 93
74 -97
-98 3
23 44
69 47
-69 -17
-80 86
-68 77
-20 -72
-27 39
-8 -26
-78 34
53 55
-58 32
95 -84
82 -31
7 -81
-88 81
13 -64
15 75
78 86
-14 16
70 14
-58 -61
-78 6
-64 2
59 77
-84 -65
-39 34
63 47
-43 -90
93 51
54 -18
-25 -50
-21 -81
50 -14
-41 -81
-2 -27
58 -35
55 -43
-11 52
-86 -36
46 -100
-97 -46
14 72
