250
53 9
-5 61
-31 -54
-53 -99
-32 34
-23 -100
36 35
-70 -39
16 8
-6 15
-85 81
54 77
61 30
0 82
-6 67
-85 -38
0 -4
-5 -2
50 -16
-17 94
-72 69
56 5
-49 -88
-73 -31
-21 12
-45 27
-56 3
82 -13
24 -16
-57 -43
86 -93
-52 58
91 20
-99 -47
95 -95
35 58
-10 -4
75 48
-60 89
79 -48
-92 58
-12 21
19 35
21 39
-47 -81
-73 -50
-95 -48
6 1
-85 44
-9 43
99 93
-89 90
-22 -100
-73 -84
91 45
85 -40
-8 -87
-50 -7
81 -88
6 -30
-36 35
-85 -73
-5 -59
5 -29
70 39
82 -45
-63 41
69 -16
-98 93
38 74
-13 -7
85 -83
27 -35
27 -80
-46 97
23 -9
-37 -60
11 -73
-26 -67
-82 21
-61 1
-60 -55
-6 -33
13 -24
-26 86
-15 -63
96 46
70 11
-12 12
-44 -55
-26 -39
89 -4
67 73
58 -34
-27 -84
-55 83
98 -50
74 48
-60 6
78 -14
-9 36
91 -100
-1 44
67 99
52 79
17 -20
-51 1
67 -77
-36 90
45 13
10 -18
-54 -61
-76 -88
-67 48
-64 12
60 -4
-47 96
17 -69
-46 -53
-41 -93
-8 12
38 98
-3 31
76 -7
-50 57
-87 16
-15 -44
16 61
-19 -56
-86 -90
50 -38
52 54
-36 -46
-79 35
51 34
-37 70
-21 -45
-78 -21
63 -100
-85 63
-59 99
-84 -32
91 -25
29 -89
-46 -29
29 -65
-52 -92
62 -95
87 71
-52 100
-87 -59
-66 -74
-45 -39
26 -97
25 -4
-64 26
-53 -65
93 78
-47 76
17 -96
-57 -65
-86 -47
45 -77
-26 73
77 -50
-17 58
-51 -34
45 93
19 -97
-100 -35
12 -92
90 71
93 -22
-91 55
36 32
100 32
-98 64
56 -55
55 -33
-53 -12
-29 33
67 -60
13 -93
47 77
-23 -60
27 55
-99 -71
35 -60
100 58
52 -2
12 -13
11 17
2 -3
86 -49
-27 -33
-54 -83
-42 -85
-72 -94
-13 32
73 20
-42 -9
-2 -24
24 18
42 3
7 -44
99 -85
-13 -64
96 12
-44 -53
-71 -59
55 -76
-63 -76
-45 -16
-9 21
17 89
56 70
60 -53
83 68
-41 17
-34 40
21 35
-78 -62
-70 -41
76 -25
21 89
8 -1
2 -99
67 -93
34 -28
-15 79
83 80
-79 5
-92 69
47 -39
-89 19
56 62
84 27
99 -83
33 -1
74 90
6 -36
40 -73
-55 31
84 -19
6 -7
-89 -17
3 81
-9 16
78 -10
-40 24
